Year	Month	AATB
1973	1	1427.567
1973	8	1413.442
1973	9	1424.82
1973	10	1428.425
1974	1	1431.7
1974	2	1437.796
1974	3	1431.335
1974	4	1422.292
1974	5	1403.133
1974	6	1386.901
1974	7	1380.108
1974	8	1396.591
1974	9	1386.48
1974	10	1397.651
1974	11	1399.336
1974	12	1416.96
1975	1	1416.129
1975	2	1427.076
1975	3	1429.069
1975	4	1433.062
1975	5	1424.321
1975	6	1432.608
1975	7	1431.857
1975	8	1423.08
1975	9	1425.067
1975	10	1426.224
1975	11	1420.293
1975	12	1429.575
1976	1	1430.222
1976	2	1430.561
1976	3	1430.477
1976	4	1421.96
1976	5	1428.187
1976	6	1426.263
1976	7	1424.912
1976	8	1425.89
1976	9	1428.444
1976	10	1429.467
1976	11	1432.315
1976	12	1428.687
1977	1	1427.837
1977	2	1429.22
1977	3	1430.379
1977	4	1433.261
1977	5	1427.079
1977	6	1417.718
1977	7	1410.355
1977	8	1413.597
1977	9	1419.811
1977	10	1425.546
1977	11	1425.728
1977	12	1431.529
1978	1	1416.563
1978	2	1416.346
1978	3	1415.521
1978	4	1390.739
1978	5	1367.245
1978	6	1387.231
1978	7	1393.843
1978	8	1410.582
1978	9	1414.712
1978	10	1402.072
1978	11	1410.799
1978	12	1401.737
1979	1	1398.108
1979	2	1389.031
1979	3	1383.872
1979	4	1354.946
1979	5	1364.563
1979	6	1344.6
1979	7	1350.397
1979	8	1329.45
1979	9	1343.038
1979	10	1359.113
1979	11	1365.557
1979	12	1381.427
1980	1	1380.713
1980	2	1375.112
1980	3	1387.77
1980	4	1366.507
1980	5	1366.448
1980	6	1345.097
1980	7	1348.569
1980	8	1354.416
1980	9	1351.197
1980	10	1336.783
1980	11	1319.902
1980	12	1328.667
1981	1	1354.187
1981	2	1335.366
1981	3	1326.208
1981	4	1316.036
1981	5	1301.067
1981	6	1326.429
1981	7	1332.824
1981	8	1336.648
1981	9	1341.49
1981	10	1309.538
1981	11	1321.121
1981	12	1344.332
1982	1	1353.125
1982	2	1331.389
1982	3	1352.579
1982	4	1351.048
1982	5	1359.071
1982	6	1309.658
1982	7	1270.619
1982	8	1273.056
1982	9	1251.281
1982	10	1282.42
1982	11	1299.474
1982	12	1284.264
1983	1	1323.457
1983	2	1337.21
1983	3	1356.532
1983	4	1354.771
1983	5	1316.144
1983	6	1337.052
1983	7	1354.348
1983	8	1350.85
1983	9	1357.303
1983	10	1361.284
1983	11	1364.485
1983	12	1365.535
1984	1	1384.832
1984	2	1378.525
1984	3	1363.015
1984	4	1350.972
1984	5	1324.803
1984	6	1347.672
1984	7	1347.247
1984	8	1363.401
1984	9	1364.725
1984	10	1362.68
1984	11	1361.899
1984	12	1370.424
1985	1	1374.843
1985	2	1391.138
1985	3	1394.528
1985	4	1403.44
1985	5	1403.21
1985	6	1412.88
1985	7	1409.741
1985	8	1409.782
1985	9	1420.312
1985	10	1420.834
1985	11	1427.765
1985	12	1422.884
1986	1	1428.36
1986	2	1408.8
1986	3	1419.685
1986	4	1440.557
1986	5	1443.787
1986	6	1443.557
1986	7	1440.125
1986	8	1439.942
1986	9	1444.539
1986	10	1452.75
1986	11	1439.4
1986	12	1448.226
1987	1	1463.456
1987	2	1471.382
1987	3	1473.039
1987	4	1464.611
1987	5	1458.66
1987	6	1439.141
1987	7	1438.17
1987	8	1434.593
1987	9	1416.04
1987	10	1419.82
1987	11	1414.116
1987	12	1413.036
1988	1	1390.828
1988	2	1401.663
1988	3	1403.435
1988	4	1400.823
1988	5	1397.135
1988	6	1389.568
1988	7	1374.191
1988	8	1370.632
1988	9	1379.268
1988	10	1369.738
1988	11	1373.337
1988	12	1357.949
1989	1	1340.541
1989	2	1344.792
1989	3	1295.665
1989	4	1305.019
1989	5	1279.449
1989	6	1292.235
1989	7	1318.115
1989	8	1302.197
1989	9	1283.735
1989	10	1264.842
1989	11	1259.585
1989	12	1277.884
1990	1	1294.201
1990	2	1303.53
1990	3	1284.861
1990	4	1266.046
1990	5	1258.886
1990	6	1266.306
1990	7	1297.591
1990	8	1288.979
1990	9	1302.976
1990	10	1322.126
1990	11	1341.38
1990	12	1342.022
1991	1	1362.621
1991	2	1353.571
1991	3	1271.267
1991	4	1282.477
1991	5	1291.756
1991	6	1169.106
1991	7	1180.78
1991	8	1256.092
1991	9	1291.557
1991	10	1296.361
1991	11	1297.58
1991	12	1316.159
1992	1	1321.232
1992	2	1307.246
1992	3	1328.547
1992	4	1353.198
1992	5	1346.148
1992	6	1366.721
1992	7	1373.167
1992	8	1374.185
1992	9	1372.262
1992	10	1383.985
1992	11	1380.614
1992	12	1391.621
1993	1	1389.83
1993	2	1390.576
1993	3	1389.212
1993	4	1391.184
1993	5	1392.417
1993	6	1397.759
1993	7	1396.46
1993	8	1395.377
1993	9	1407.277
1993	10	1398.482
1993	11	1410.501
1993	12	1408.065
1994	1	1404.416
1994	2	1394.4
1994	3	1394.101
1994	4	1392.32
1994	5	1399.396
1994	6	1402.012
1994	7	1401.592
1994	8	1408.552
1994	9	1410.166
1994	10	1414.043
1994	11	1412.638
1994	12	1414.568
1995	1	1417.894
1995	2	1416.202
1995	3	1410.567
1995	4	1417.407
1995	5	1419.431
1995	6	1413.895
1995	7	1407.206
1995	8	1414.235
1995	9	1416.399
1995	10	1422.379
1996	8	1418.899
1996	9	1424.118
1996	10	1418.434
1996	11	1419.355
1996	12	1425.092
1997	1	1429.354
1997	2	1436.973
1997	3	1430.854
1997	4	1432.532
1997	6	1426.86
1997	8	1431.336
1997	9	1433.488
1997	10	1426.181
1997	11	1417.042
1997	12	1424.11
1998	1	1427.571
1998	2	1428.832
1998	3	1436.818
1998	4	1412.467
1998	5	1398.45
1998	6	1402.189
1998	7	1411.157
1998	8	1401.33
1998	9	1405.661
1998	10	1415.553
1998	11	1419.412
1998	12	1402.603
1999	1	1387.925
1999	2	1402.412
1999	3	1395.616
1999	4	1398.497
1999	5	1390.274
1999	6	1408.415
1999	7	1414.671
1999	8	1387.568
1999	9	1373.384
1999	10	1367.748
1999	11	1366.212
1999	12	1357.245
2000	1	1363.812
2000	2	1359.827
2000	3	1341.464
2000	4	1348.276
2000	5	1330.873
2000	6	1308.675
2000	7	1295.571
2000	8	1327.775
2000	9	1336.193
2000	10	1354.979
2000	11	1341.182
2000	12	1331.461
2001	1	1348.859
2001	2	1373.569
2001	3	1385.448
2001	4	1338.6
2001	5	1352.019
2001	6	1360.181
2001	7	1363.072
2001	8	1344.07
2001	9	1347.202
2001	10	1346.459
2001	11	1359.338
2001	12	1355.724
2002	1	1331.923
2002	2	1360.487
2002	3	1343.828
2002	4	1346.551
2002	5	1345.328
2002	6	1345.198
2002	7	1329.688
2002	8	1308.423
2002	9	1328.579
2002	10	1330.094
2002	11	1312.092
2002	12	1321.217
2003	1	1333.267
2003	2	1338.189
2003	3	1332.93
2003	4	1324.746
2003	5	1318.148
2003	6	1295.354
2003	7	1320.744
2003	8	1329.274
2003	9	1338.923
2003	10	1313.248
2003	11	1277.811
2003	12	1329.843
2004	1	1315.024
2004	2	1346.378
2004	3	1363.027
2004	4	1364.676
2004	5	1375.382
2004	6	1376.732
2004	7	1356.151
2004	8	1368.862
2004	9	1369.296
2004	10	1390.628
2004	11	1370.389
2004	12	1374.955
2005	1	1338.194
2005	2	1376.886
2005	3	1373.853
2005	4	1376.028
2005	5	1352.279
2005	6	1371.116
2005	7	1362.074
2005	8	1356.242
2005	9	1333.462
2005	10	1373.423
2005	11	1388.116
2005	12	1385.211
2006	1	1403.968
2006	2	1403.573
2006	3	1428.79
2006	4	1428.986
2006	5	1425.618
2006	6	1426.696
2006	7	1419.652
2006	8	1427.646
2006	9	1428.908
2006	10	1433.312
2006	11	1428.519
2006	12	1405.53
2007	1	1439.886
2007	2	1439.632
2007	3	1447.436
2007	4	1446.743
2007	5	1449.17
2007	6	1451.318
2007	7	1451.709
2007	8	1450.86
2007	9	1459.768
2007	10	1457.513
2008	1	1438.421
2008	2	1442.146
2008	3	1438.816
2008	4	1436.128
2008	5	1425.335
2008	6	1435.987
2008	7	1434.774
2008	8	1431.876
2008	9	1436.924
2008	10	1433.245
2008	11	1423.761
2008	12	1439.861
2009	1	1443.132
2009	2	1446.076
2009	3	1418.688
2009	4	1424.565
2009	5	1437.822
2009	6	1446.648
2009	7	1453.66
2009	8	1452.07
2009	9	1442.35
2009	10	1449.363
2009	11	1441.274
2009	12	1449.123
2010	1	1444.708
2010	2	1429.356
2010	3	1424.187
2010	4	1423.097
2010	5	1432.185
2010	6	1432.359
2010	7	1429.574
2010	8	1407.469
2010	9	1403.546
2010	10	1396.895
2010	11	1405.891
2010	12	1409.008
2011	1	1427.52
2011	2	1448.91
2011	3	1433.608
2011	4	1418.096
2011	5	1422.147
2011	6	1395.771
2011	7	1410.536
2011	8	1417.121
2011	9	1411.338
2011	10	1400.481
2011	11	1404.345
2011	12	1413.9
2012	1	1410.87
2012	2	1397.751
2012	3	1382.448
2012	4	1429.095
2012	5	1431.538
2012	6	1420.473
2012	7	1386.873
2012	8	1395.468
2012	9	1405.223
2012	10	1397
2012	11	1399.738
2012	12	1394.842
2013	1	1416.893
2013	2	1421.359
2013	3	1404.528
2013	4	1405.176
2013	5	1381.505
2013	6	1379.413
2013	7	1382.395
2013	8	1391.142
2013	9	1400.982
2013	10	1410.704
2013	11	1398.397
2013	12	1386.038
2014	1	1383.417
2014	2	1369.066
2014	3	1380.648
2014	4	1377.453
2014	5	1380.657
2014	6	1363.474
2014	7	1365.033
2014	8	1373.237
2014	9	1355.467
2014	10	1342.721
2014	11	1341.152
2014	12	1320.143
2015	1	1341.402
2015	2	1316.979
2015	3	1296.615
2015	4	1309.153
2015	5	1328.862
2015	6	1300.92
2015	7	1341.28
2015	8	1291.186
2015	9	1318.498
2015	10	1348.756
2015	11	1348.665
2015	12	1357.406
2016	1	1377.832
2016	2	1388.282
2016	3	1402.029
2016	4	1402.173
2016	5	1401.69
2016	6	1420.243
2016	7	1417.004
2016	8	1407.117
2016	9	1403.642
2016	10	1409.451
2016	11	1421.09
2016	12	1417.925
2017	1	1429.787
2017	2	1434.014
2017	3	1443.746
2017	4	1427.803
2017	5	1424.573
2017	6	1429.574
2017	7	1422.607
2017	8	1413.851
2017	9	1414.563
2017	10	1415.368
2017	11	1433.636
2017	12	1425.486
2018	1	1430.909
2018	2	1439.172
2018	3	1424.243
2018	4	1413.701
2018	5	1413.618
2018	6	1432.177
2018	7	1435.072
2018	8	1430.024
2018	9	1428.73
2018	10	1429.089
2018	11	1423.568
2018	12	1417.759
2019	1	1415.616
2019	2	1419.345
2019	3	1429.352
2019	4	1426.522
2019	5	1404.895
2019	6	1419.552
2019	7	1425.806
2019	8	1421.91
2019	9	1414.651
2019	10	1415.695
2019	11	1418.174
2019	12	1425.631
2020	1	1424.859
2020	2	1427.897
2020	3	1429.672
2020	4	1424.006
2020	5	1429.254
2020	6	1428.197
2020	7	1422.244
2020	8	1419.783
2020	9	1415.643
2020	10	1419.133
2020	11	1425.385
2020	12	1419.821
2021	1	1421.76
2021	2	1419.806
2021	3	1410.007
2021	4	1413.203
2021	5	1414.029
2021	6	1413.127
2021	7	1415.754
2021	8	1421.845
2021	9	1407.115
2021	10	1391.763
2021	11	1371.462
2021	12	1375.307
2022	1	1374.392
2022	2	1373.505
2022	3	1362.833
2022	4	1367.364
2022	5	1355.211
2022	6	1344.968
2022	7	1336.828
